Iteration: 0
Iteration: 10
Iteration: 20
Iteration: 30
Iteration: 40
Iteration: 50
Iteration: 60
Dynamic Treatment
Status: optimal
Objective: 115.51049041095236
Solve Time: 11.758351564407349
Iterations: 61
